1111111111111111111111111111
0000000001000000001000000001
-1777770001000000001000000001
0000007001000000001007770001
1111107001111100001070007001
1000100700000000001070107001
1000100077777700000070107001
1000100000000077777700107001
1000100000000000000000107001
1000011110000011111111107001
1000000000000000001000007001
1000000000000000001007770001
1000000000000000001070000001
1111111111111111111070111111
1000000000000100000070111111
1000000000000100000700111111
1007777777000100777000111111
1070000000700107000000111111
1070111110070007011111111111
1070100000007770010111111111
1070100000000000010111111111
1070100000000000010111111111
1070111110000000010111111111
1070000010000000000111111111
1007700010000000000011111111
1000070010000100000001111111
1111007010000000000000111111
1101000011111111111111111111
